,Name,POS,RAS,2nd_yr_AV,3rd_yr_AV,4th_year_AV,Age,career_length,8_or_more
0,Aaron Donald,0,6.54,18.0,15.0,15.0,24.0,10.0,Yes
1,Aaron Lynch,1,4.65,1.0,1.0,3.0,23.0,7.0,No
2,Aaron Maybin,1,5.76,1.0,2.0,1.0,22.0,4.0,No
3,Aaron Schobel,1,7.49,7.0,10.0,9.0,25.0,9.0,Yes
4,Aaron Smith,1,4.17,9.0,10.0,10.0,24.0,13.0,Yes
5,Abry Jones,0,6.22,2.0,1.0,5.0,23.0,8.0,Yes
6,Adam Carriker,1,8.7,4.0,7.0,6.0,24.0,7.0,No
7,Adrian Awasom,1,5.97,1.0,0.0,0.0,23.0,3.0,No
8,Adrian Clayborn,1,7.07,1.0,7.0,0.0,24.0,10.0,Yes
9,Adrian Dingle,1,4.41,1.0,3.0,6.0,24.0,6.0,No
10,Ahtyba Rubin,0,4.02,3.0,8.0,9.0,23.0,11.0,Yes
11,Akeem Spence,0,4.89,4.0,3.0,3.0,23.0,9.0,Yes
12,Akiem Hicks,0,5.95,9.0,5.0,3.0,24.0,11.0,Yes
13,Al Noga,0,5.85,7.0,9.0,4.0,24.0,7.0,No
14,Al Woods,0,6.97,0.0,1.0,2.0,24.0,13.0,Yes
15,Alan Branch,0,7.26,0.0,2.0,3.0,24.0,11.0,Yes
16,Albert Fontenot,1,4.08,5.0,3.0,8.0,24.0,10.0,Yes
17,Alex Carrington,1,5.52,3.0,1.0,1.0,24.0,6.0,No
18,Alex Okafor,1,5.4,2.0,5.0,7.0,25.0,9.0,Yes
19,Alfred Oglesby,0,4.6,5.0,0.0,2.0,24.0,5.0,No
20,Alfred Williams,1,4.51,2.0,17.0,9.0,27.0,9.0,Yes
21,Allen Bailey,1,7.27,1.0,3.0,8.0,23.0,10.0,Yes
22,Alonzo Spellman,1,5.68,1.0,9.0,8.0,22.0,9.0,Yes
23,Alvin McKinley,0,4.0,1.0,1.0,1.0,23.0,9.0,Yes
24,Amobi Okoye,0,5.56,5.0,7.0,6.0,21.0,7.0,No
25,Andre Branch,1,6.02,2.0,1.0,5.0,24.0,7.0,No
26,Andre Carter,1,5.95,8.0,6.0,2.0,23.0,12.0,Yes
27,Angelo Blackson,0,7.06,1.0,1.0,4.0,24.0,10.0,Yes
28,Anthony Adams,0,3.92,5.0,6.0,2.0,24.0,9.0,Yes
29,Anthony Bryant,0,6.39,1.0,0.0,1.0,25.0,4.0,No
30,Anthony Cook,0,5.56,6.0,7.0,2.0,24.0,5.0,No
31,Anthony McFarland,0,5.2,8.0,6.0,6.0,23.0,9.0,Yes
32,Anthony Weaver,0,7.39,9.0,9.0,5.0,23.0,7.0,No
33,Anton Palepoi,1,7.15,1.0,2.0,0.0,25.0,4.0,No
34,Antonio Cochran,1,3.71,1.0,3.0,7.0,24.0,7.0,No
35,Antonio Edwards,0,4.95,6.0,5.0,2.0,24.0,7.0,No
36,Antonio Johnson,0,6.37,6.0,2.0,4.0,25.0,8.0,Yes
37,Antonio Smith,1,3.59,4.0,4.0,7.0,24.0,13.0,Yes
38,Antwan Lake,1,4.37,2.0,2.0,2.0,25.0,6.0,No
39,Antwan Odom,1,7.79,5.0,1.0,8.0,24.0,7.0,No
40,Arik Armstead,0,6.94,2.0,2.0,7.0,23.0,10.0,Yes
41,Armonty Bryant,1,2.5,1.0,2.0,1.0,24.0,5.0,No
42,Aubrayo Franklin,0,3.17,1.0,2.0,2.0,24.0,11.0,Yes
43,Austen Lane,1,6.26,1.0,3.0,0.0,24.0,4.0,No
44,Austin Robbins,1,3.8,2.0,4.0,1.0,24.0,7.0,No
45,B.J. Raji,0,6.74,9.0,6.0,6.0,24.0,7.0,No
46,Barron Tanner,0,2.31,1.0,0.0,6.0,25.0,6.0,No
47,Barry Cofield,0,9.04,7.0,8.0,5.0,23.0,10.0,Yes
48,Bennie Logan,0,3.91,7.0,6.0,6.0,25.0,6.0,No
49,Bernard Wilson,0,1.2,7.0,4.0,6.0,24.0,6.0,No
50,Bill Hawkins,1,6.44,1.0,1.0,3.0,24.0,4.0,No
51,Bill Johnson,1,2.81,1.0,8.0,1.0,25.0,8.0,Yes
52,Billy Winn,1,4.79,2.0,4.0,2.0,24.0,7.0,No
53,Bo Schobel,1,7.27,1.0,1.0,0.0,24.0,4.0,No
54,Bobby McCray,1,7.32,3.0,8.0,4.0,24.0,7.0,No
55,Bobby Wilson,0,2.62,3.0,4.0,4.0,24.0,5.0,No
56,Brad Ottis,1,3.85,1.0,1.0,2.0,23.0,6.0,No
57,Brad Scioli,1,5.85,2.0,3.0,6.0,24.0,6.0,No
58,Brady Smith,1,4.26,3.0,3.0,6.0,24.0,10.0,Yes
59,Brandon Mebane,0,2.48,7.0,7.0,5.0,23.0,13.0,Yes
60,Brandon Mitchell,1,3.71,1.0,7.0,4.0,23.0,0.0,No
61,Brandon Thompson,0,5.98,5.0,1.0,1.0,24.0,5.0,No
62,Brandon Whiting,0,5.15,2.0,7.0,8.0,23.0,7.0,No
63,Brentson Buckner,0,2.24,7.0,8.0,2.0,24.0,12.0,Yes
64,Brett Keisel,1,6.63,1.0,2.0,9.0,26.0,13.0,Yes
65,Brian Price,0,4.74,4.0,0.0,1.0,22.0,3.0,No
66,Brian Robison,1,7.71,2.0,2.0,3.0,25.0,11.0,Yes
67,Brian Young,1,3.93,8.0,3.0,7.0,24.0,9.0,Yes
68,Brodrick Bunkley,0,7.87,8.0,9.0,6.0,24.0,9.0,Yes
69,Bryan Robinson,1,3.26,2.0,7.0,7.0,24.0,14.0,Yes
70,Bryan Thomas,1,8.34,5.0,5.0,3.0,24.0,11.0,Yes
71,Bryant Young,0,4.81,6.0,18.0,7.0,23.0,14.0,Yes
72,Bryce Fisher,1,4.34,0.0,3.0,6.0,25.0,7.0,No
73,Burt Grossman,1,5.14,8.0,7.0,7.0,23.0,6.0,No
74,C.J. Mosley,0,5.01,1.0,2.0,2.0,23.0,10.0,Yes
75,C.J. Wilson,1,4.64,2.0,3.0,1.0,24.0,7.0,No
76,Calais Campbell,1,2.6,7.0,7.0,9.0,23.0,17.0,Yes
77,Cam Johnson,1,6.72,1.0,0.0,0.0,23.0,3.0,No
78,Cam Thomas,0,6.5,2.0,2.0,5.0,25.0,8.0,Yes
79,Cameron Heyward,1,5.04,2.0,7.0,7.0,23.0,14.0,Yes
80,Cameron Jordan,1,7.47,7.0,13.0,7.0,23.0,14.0,Yes
81,Caraun Reid,0,4.0,5.0,1.0,0.0,24.0,7.0,No
82,Carl Simpson,0,2.55,5.0,4.0,8.0,24.0,6.0,No
83,Carlos Dunlap,1,6.03,2.0,5.0,10.0,22.0,13.0,Yes
84,Carlos Hall,1,7.05,4.0,5.0,2.0,24.0,4.0,No
85,Casey Hampton,0,4.69,7.0,10.0,3.0,25.0,12.0,Yes
86,Cassius Marsh,1,3.56,2.0,3.0,3.0,23.0,8.0,Yes
87,Cedric Thornton,0,3.52,8.0,8.0,5.0,25.0,6.0,No
88,Cedric Woodard,0,3.86,1.0,6.0,7.0,25.0,6.0,No
89,Chad Bratzke,1,3.97,0.0,10.0,6.0,24.0,10.0,Yes
90,Chad Eaton,0,2.02,2.0,7.0,9.0,25.0,9.0,Yes
91,Chandler Jones,1,7.49,9.0,5.0,12.0,23.0,11.0,Yes
92,Charles Grant,1,6.43,8.0,8.0,7.0,25.0,9.0,Yes
93,Charles Johnson,1,5.72,2.0,3.0,8.0,22.0,11.0,Yes
94,Chauncey Davis,1,4.82,6.0,2.0,3.0,23.0,7.0,No
95,Chris Baker,0,5.85,0.0,0.0,2.0,23.0,9.0,Yes
96,Chris Cooper,1,7.63,2.0,6.0,1.0,25.0,1.0,No
97,Chris Gannon,1,3.53,1.0,1.0,0.0,25.0,5.0,No
98,Chris Hovan,0,7.94,6.0,10.0,6.0,23.0,11.0,Yes
99,Chris Kelsay,1,7.55,6.0,6.0,8.0,25.0,10.0,Yes
100,Chris Long,1,6.44,3.0,9.0,7.0,24.0,11.0,Yes
101,Chris Smith,1,6.04,1.0,1.0,2.0,23.0,7.0,No
102,Chris Sullivan,1,6.28,5.0,4.0,1.0,24.0,6.0,No
103,Chris Zorich,0,4.92,2.0,9.0,10.0,23.0,7.0,No
104,Christian Covington,0,4.59,4.0,1.0,2.0,23.0,8.0,Yes
105,Chuck Smith,1,1.35,2.0,5.0,7.0,24.0,9.0,Yes
106,Cletidus Hunt,0,4.58,6.0,3.0,7.0,24.0,6.0,No
107,Cliff Matthews,1,3.92,1.0,1.0,0.0,24.0,5.0,No
108,Clifton Geathers,1,7.25,0.0,1.0,1.0,24.0,6.0,No
109,Clifton Ryan,0,4.29,5.0,6.0,0.0,24.0,4.0,No
110,Coleman Rudolph,1,5.5,2.0,2.0,2.0,24.0,4.0,No
111,Colin Cole,0,4.79,3.0,3.0,1.0,25.0,9.0,Yes
112,Corey Lemonier,1,6.61,1.0,1.0,1.0,23.0,5.0,No
113,Corey Liuget,0,4.73,8.0,7.0,8.0,22.0,10.0,Yes
114,Corey Peters,0,5.99,8.0,4.0,6.0,23.0,13.0,Yes
115,Corey Williams,0,6.01,1.0,6.0,5.0,25.0,9.0,Yes
116,Corey Wootton,1,5.06,1.0,5.0,6.0,24.0,6.0,No
117,Cornelius Griffin,1,4.69,8.0,8.0,6.0,25.0,10.0,Yes
118,Cortez Kennedy,0,4.81,13.0,19.0,15.0,23.0,11.0,Yes
119,Corvey Irvin,0,3.85,0.0,1.0,0.0,26.0,3.0,No
120,Cory Redding,1,4.66,7.0,7.0,7.0,24.0,13.0,Yes
121,Craig Terrill,0,4.03,2.0,2.0,2.0,25.0,7.0,No
122,Craig Veasey,0,3.2,2.0,0.0,1.0,25.0,6.0,No
123,Curt Jarvis,0,0.52,6.0,5.0,3.0,23.0,4.0,No
124,D'Marco Farr,0,1.72,9.0,7.0,8.0,24.0,7.0,No
125,DaQuan Jones,0,3.94,6.0,8.0,5.0,24.0,11.0,Yes
126,Damione Lewis,0,5.53,3.0,3.0,5.0,24.0,10.0,Yes
127,Damontre Moore,1,3.67,2.0,1.0,0.0,22.0,7.0,No
128,Dan Footman,1,5.79,3.0,6.0,3.0,25.0,6.0,No
129,Dan Klecko,0,5.22,1.0,1.0,1.0,23.0,6.0,No
130,Dan Owens,0,4.75,7.0,3.0,6.0,24.0,10.0,Yes
131,Dan Wilkinson,0,5.91,6.0,7.0,5.0,22.0,13.0,Yes
132,Dana Stubblefield,0,4.3,8.0,11.0,8.0,24.0,11.0,Yes
133,Daniel McCullers,0,4.11,1.0,2.0,0.0,23.0,7.0,No
134,Daniel Te'o Nesheim,1,8.2,0.0,7.0,4.0,25.0,4.0,No
135,Danielle Hunter,1,6.54,4.0,9.0,17.0,22.0,10.0,Yes
136,Danny Noonan,0,5.85,7.0,2.0,8.0,23.0,6.0,No
137,Danny Shelton,0,5.51,6.0,5.0,2.0,23.0,8.0,Yes
138,Danny Stubbs,1,2.28,2.0,9.0,2.0,24.0,10.0,Yes
139,Darius Holland,0,6.22,2.0,1.0,2.0,23.0,9.0,Yes
140,Darius Philon,0,5.67,2.0,4.0,6.0,22.0,4.0,No
141,Darnell Dockett,0,6.94,7.0,6.0,10.0,24.0,11.0,Yes
142,Darrell Russell,0,8.21,18.0,12.0,8.0,22.0,6.0,No
143,Darren Howard,1,4.5,5.0,7.0,5.0,25.0,10.0,Yes
144,Darrion Scott,1,7.49,7.0,7.0,0.0,24.0,5.0,No
145,Darryl Tapp,1,3.72,9.0,6.0,4.0,23.0,12.0,Yes
146,Daryl Gardener,1,6.57,7.0,9.0,8.0,24.0,8.0,Yes
147,Datone Jones,1,6.98,3.0,2.0,3.0,24.0,7.0,No
148,Dave Ball,1,4.33,0.0,1.0,4.0,24.0,8.0,Yes
149,David Bass,1,3.96,1.0,1.0,2.0,24.0,5.0,No
150,David Bowens,1,3.12,2.0,1.0,1.0,23.0,12.0,Yes
151,David Grant,0,2.19,1.0,4.0,5.0,24.0,5.0,No
152,David Parry,0,3.97,7.0,0.0,0.0,24.0,4.0,No
153,David Rocker,0,4.52,0.0,1.0,1.0,23.0,4.0,No
154,DeForest Buckner,1,5.97,7.0,10.0,16.0,23.0,9.0,Yes
155,Deandre Coleman,0,6.04,0.0,0.0,0.0,24.0,1.0,No
156,Demarcus Dobbs,1,4.82,1.0,1.0,1.0,25.0,5.0,No
157,Demetrin Veal,1,2.81,2.0,2.0,0.0,24.0,5.0,No
158,Dennis Brown,0,3.88,3.0,3.0,7.0,24.0,7.0,No
159,Dennis Byrd,1,2.99,7.0,8.0,4.0,24.0,4.0,No
160,Derek Landri,0,4.78,1.0,1.0,7.0,25.0,7.0,No
161,Derek Wolfe,0,8.88,5.0,7.0,7.0,23.0,10.0,Yes
162,Derreck Robinson,0,7.26,1.0,0.0,0.0,24.0,4.0,No
163,Derrick Burgess,1,5.06,5.0,11.0,9.0,26.0,10.0,Yes
164,Derrick Harvey,1,6.08,7.0,3.0,1.0,23.0,4.0,No
165,Derrick Morgan,1,5.54,5.0,6.0,7.0,22.0,9.0,Yes
166,Derrick Ransom,0,3.13,1.0,1.0,7.0,23.0,7.0,No
167,Derrick Shelby,1,4.9,2.0,2.0,5.0,24.0,7.0,No
168,Devin Taylor,1,6.84,2.0,2.0,7.0,25.0,5.0,No
169,Devon Still,0,6.53,1.0,1.0,0.0,24.0,4.0,No
170,Dion Jordan,1,5.97,1.0,1.0,3.0,24.0,6.0,No
171,Domata Peko,0,4.79,7.0,7.0,5.0,23.0,15.0,Yes
172,Dominique Easley,0,5.17,2.0,2.0,1.0,23.0,5.0,No
173,Don Davey,1,3.87,1.0,1.0,2.0,24.0,8.0,Yes
174,Don Sasa,1,0.95,1.0,0.0,0.0,24.0,3.0,No
175,Donald Evans,0,5.57,11.0,6.0,10.0,26.0,8.0,Yes
176,Dontari Poe,0,8.86,13.0,12.0,7.0,23.0,9.0,Yes
177,Dorian Boose,1,6.89,1.0,1.0,2.0,25.0,4.0,No
178,Dwan Edwards,0,4.91,2.0,1.0,6.0,24.0,12.0,Yes
179,Dwight Freeney,1,5.21,11.0,12.0,14.0,23.0,16.0,Yes
180,Earl Mitchell,0,5.25,2.0,3.0,6.0,24.0,10.0,Yes
181,Ebenezer Ekuban,1,7.05,2.0,0.0,9.0,24.0,10.0,Yes
182,Eddie Goldman,0,4.98,2.0,8.0,9.0,22.0,7.0,No
183,Ellis Johnson,0,5.02,3.0,6.0,6.0,23.0,10.0,Yes
184,Ellis Wyms,1,3.19,3.0,2.0,1.0,23.0,8.0,Yes
185,Elvis Dumervil,1,4.05,7.0,4.0,1.0,23.0,12.0,Yes
186,Erasmus James,1,6.84,1.0,1.0,0.0,24.0,4.0,No
187,Eric Downing,0,5.08,2.0,1.0,0.0,24.0,4.0,No
188,Eric Hayes,0,0.71,2.0,0.0,0.0,24.0,3.0,No
189,Eric Moore,1,4.34,0.0,1.0,1.0,25.0,5.0,No
190,Eric Ogbogu,1,3.77,2.0,2.0,1.0,24.0,8.0,Yes
191,Eric Swann,1,2.92,4.0,5.0,10.0,22.0,10.0,Yes
192,Erik Flowers,1,7.8,2.0,0.0,1.0,23.0,6.0,No
193,Ernest Jones,1,3.0,1.0,0.0,0.0,25.0,5.0,No
194,Ernie Logan,1,4.62,1.0,1.0,1.0,24.0,9.0,Yes
195,Esera Tuaolo,0,3.59,0.0,2.0,1.0,24.0,9.0,Yes
196,Ethan Westbrooks,1,2.11,2.0,3.0,5.0,25.0,5.0,No
197,Evander Hood,0,7.79,6.0,8.0,9.0,23.0,10.0,Yes
198,Everette Brown,1,3.98,3.0,0.0,1.0,23.0,5.0,No
199,Everson Griffen,1,7.2,2.0,4.0,2.0,24.0,12.0,Yes
200,Fernando Smith,1,3.51,1.0,10.0,5.0,24.0,7.0,No
201,Fili Moala,0,6.48,7.0,5.0,3.0,25.0,6.0,No
202,Fletcher Cox,0,6.88,8.0,13.0,13.0,23.0,12.0,Yes
203,Frank Clark,1,5.96,5.0,6.0,10.0,23.0,9.0,Yes
204,Frank Okam,0,3.73,0.0,2.0,1.0,24.0,4.0,No
205,Fred Robbins,0,5.9,4.0,5.0,5.0,24.0,12.0,Yes
206,Frostee Rucker,1,3.46,3.0,2.0,2.0,25.0,13.0,Yes
207,Gabe Watson,0,4.61,6.0,1.0,2.0,24.0,5.0,No
208,Gabe Wilkins,1,3.54,4.0,3.0,10.0,24.0,6.0,No
209,Gabe Wright,0,5.69,0.0,0.0,0.0,24.0,3.0,No
210,Gary Walker,0,2.45,8.0,7.0,7.0,23.0,11.0,Yes
211,Geno Atkins,0,7.46,14.0,18.0,5.0,23.0,11.0,Yes
212,George Hinkle,1,1.33,1.0,2.0,5.0,24.0,6.0,No
213,George Selvie,1,3.1,1.0,1.0,6.0,24.0,6.0,No
214,Gerald McCoy,0,6.51,2.0,10.0,14.0,23.0,10.0,Yes
215,Gerald Nichols,0,2.11,2.0,1.0,1.0,24.0,6.0,No
216,Gilbert Brown,0,3.13,2.0,3.0,8.0,23.0,10.0,Yes
217,Glen Steele,1,4.1,1.0,2.0,2.0,25.0,6.0,No
218,Grady Jarrett,0,5.98,6.0,7.0,5.0,23.0,10.0,Yes
219,Grant Irons,1,5.74,0.0,1.0,1.0,24.0,5.0,No
220,Greg Ellis,1,7.79,9.0,7.0,8.0,24.0,12.0,Yes
221,Greg Hardy,1,5.51,5.0,6.0,15.0,23.0,5.0,No
222,Greg Jefferson,1,6.91,1.0,6.0,6.0,25.0,6.0,No
223,Haloti Ngata,0,8.19,7.0,16.0,12.0,23.0,13.0,Yes
224,Henry Anderson,1,6.83,2.0,3.0,3.0,25.0,8.0,Yes
225,Henry Ford,1,5.07,8.0,7.0,8.0,24.0,10.0,Yes
226,Henry Thomas,0,1.76,9.0,7.0,8.0,23.0,14.0,Yes
227,Hugh Douglas,1,4.51,4.0,8.0,7.0,25.0,10.0,Yes
228,Ian Scott,0,4.15,8.0,7.0,5.0,23.0,7.0,No
229,Ian Williams,0,4.11,0.0,1.0,4.0,23.0,6.0,No
230,Igor Olshansky,0,9.55,5.0,6.0,8.0,23.0,8.0,Yes
231,Isaac Sopoaga,0,7.53,2.0,3.0,6.0,25.0,10.0,Yes
232,Jabaal Sheard,1,4.14,8.0,3.0,6.0,23.0,11.0,Yes
233,Jack Crawford,1,7.37,1.0,1.0,2.0,25.0,10.0,Yes
234,James Hall,1,2.86,2.0,6.0,8.0,24.0,12.0,Yes
235,James Harris,1,2.16,8.0,2.0,1.0,26.0,6.0,No
236,James Jones,0,3.1,8.0,6.0,5.0,23.0,9.0,Yes
237,James Roberson,1,2.11,5.0,3.0,0.0,26.0,4.0,No
238,Jared Allen,1,5.69,8.0,11.0,17.0,23.0,12.0,Yes
239,Jared Crick,1,5.78,2.0,10.0,8.0,24.0,6.0,No
240,Jared DeVries,0,6.79,2.0,1.0,1.0,24.0,12.0,Yes
241,Jared Odrick,0,7.03,5.0,7.0,4.0,24.0,7.0,No
242,Jarius Wynn,1,2.36,1.0,3.0,1.0,24.0,7.0,No
243,Jarvis Green,1,5.28,4.0,3.0,3.0,24.0,8.0,Yes
244,Jarvis Jenkins,0,3.47,3.0,6.0,7.0,25.0,8.0,Yes
245,Jarvis Moss,1,4.03,1.0,0.0,0.0,24.0,5.0,No
246,Jason Babin,1,7.2,2.0,0.0,2.0,26.0,12.0,Yes
247,Jason Buck,1,4.51,1.0,8.0,3.0,25.0,7.0,No
248,Jason Ferguson,0,4.09,9.0,4.0,6.0,24.0,13.0,Yes
249,Jason Hatcher,1,7.6,2.0,1.0,2.0,25.0,10.0,Yes
250,Jason Jefferson,0,5.53,0.0,1.0,2.0,25.0,4.0,No
251,Jason Jones,1,4.69,1.0,6.0,6.0,23.0,9.0,Yes
252,Jason Pierre Paul,1,4.17,14.0,10.0,4.0,22.0,14.0,Yes
253,Jason Taylor,1,5.48,9.0,8.0,20.0,24.0,15.0,Yes
254,Jay Bromley,0,6.39,2.0,1.0,1.0,23.0,5.0,No
255,Jay Richardson,1,4.6,5.0,1.0,1.0,24.0,5.0,No
256,Jaye Howard,0,6.15,1.0,6.0,8.0,25.0,5.0,No
257,Jeff Alm,1,2.88,1.0,3.0,0.0,23.0,4.0,No
258,Jeff Cross,1,1.42,6.0,13.0,7.0,23.0,9.0,Yes
259,Jeff Lageman,1,3.88,8.0,1.0,9.0,24.0,10.0,Yes
260,Jeff Robinson,1,4.71,0.0,0.0,0.0,24.0,16.0,Yes
261,Jeff Zgonina,0,6.0,2.0,0.0,1.0,24.0,17.0,Yes
262,Jerel Worthy,0,6.19,0.0,0.0,1.0,23.0,5.0,No
263,Jeremy Mincey,1,6.88,0.0,3.0,10.0,25.0,8.0,Yes
264,Jerome Brown,0,4.42,8.0,9.0,17.0,23.0,5.0,No
265,Jerome McDougle,1,4.25,1.0,1.0,0.0,26.0,6.0,No
266,Jerrell Powe,0,2.2,1.0,1.0,3.0,25.0,3.0,No
267,Jerry Ball,0,0.98,7.0,11.0,10.0,24.0,13.0,Yes
268,Jerry DeLoach,0,5.58,7.0,7.0,2.0,25.0,5.0,No
269,Jevon Langford,1,3.24,1.0,1.0,2.0,23.0,6.0,No
270,Jim Flanigan,0,6.12,7.0,8.0,8.0,24.0,10.0,Yes
271,Jim Wahler,0,4.03,5.0,5.0,2.0,24.0,5.0,No
272,Jimmie Jones,0,5.26,4.0,3.0,3.0,25.0,8.0,Yes
273,Jimmy Wilkerson,1,6.0,1.0,2.0,2.0,23.0,9.0,Yes
274,Joe Johnson,1,5.52,6.0,7.0,8.0,23.0,9.0,Yes
275,Joe Tafoya,1,5.92,1.0,2.0,3.0,24.0,6.0,No
276,Joel Smeenge,1,5.76,6.0,5.0,3.0,27.0,11.0,Yes
277,Joel Steed,0,2.79,7.0,9.0,5.0,24.0,8.0,Yes
278,John Browning,0,3.79,8.0,4.0,7.0,24.0,11.0,Yes
279,John Engelberger,1,7.35,7.0,1.0,7.0,25.0,9.0,Yes
280,John Henderson,0,6.55,7.0,14.0,9.0,24.0,10.0,Yes
281,John Hughes,0,4.21,2.0,2.0,2.0,25.0,6.0,No
282,John Jenkins,0,6.0,2.0,4.0,1.0,25.0,12.0,Yes
283,John Jurkovic,0,2.03,5.0,6.0,8.0,25.0,9.0,Yes
284,John McCargo,0,4.8,2.0,0.0,1.0,24.0,6.0,No
285,John Parrella,0,7.03,1.0,2.0,5.0,25.0,12.0,Yes
286,John Thierry,1,6.24,5.0,2.0,4.0,24.0,9.0,Yes
287,Johnathan Hankins,0,3.57,7.0,3.0,8.0,22.0,12.0,Yes
288,Johnny Jolly,0,4.36,4.0,6.0,8.0,24.0,5.0,No
289,Jonathan Babineaux,0,4.2,2.0,5.0,7.0,25.0,12.0,Yes
290,Jordan Hill,0,2.91,3.0,2.0,0.0,23.0,5.0,No
291,Jordan Phillips,0,7.27,5.0,4.0,2.0,24.0,10.0,Yes
292,Josh Evans,0,1.23,1.0,1.0,4.0,24.0,4.0,No
293,Josh Mauro,1,3.96,3.0,7.0,4.0,24.0,8.0,Yes
294,Josh Shaw,0,5.25,1.0,0.0,0.0,25.0,5.0,No
295,Josh Williams,0,6.37,5.0,2.0,3.0,25.0,6.0,No
296,Jovan Haye,1,7.25,1.0,11.0,7.0,24.0,7.0,No
297,Junior Siavii,0,5.02,1.0,1.0,3.0,27.0,5.0,No
298,Jurrell Casey,0,2.93,6.0,12.0,7.0,23.0,10.0,Yes
299,Justin Bannan,0,6.22,2.0,1.0,3.0,24.0,12.0,Yes
300,Justin Ellis,0,3.34,4.0,3.0,6.0,25.0,9.0,Yes
301,Justin Smith,1,7.55,6.0,6.0,9.0,23.0,14.0,Yes
302,Karl Klug,1,5.11,1.0,3.0,2.0,24.0,7.0,No
303,Karl Wilson,1,2.37,2.0,3.0,2.0,24.0,8.0,Yes
304,Kavika Pittman,1,5.03,1.0,8.0,9.0,23.0,9.0,Yes
305,Kedric Golston,0,8.68,2.0,7.0,3.0,24.0,11.0,Yes
306,Keith Hamilton,0,4.11,10.0,8.0,7.0,22.0,12.0,Yes
307,Keith Rucker,0,2.02,8.0,7.0,6.0,25.0,5.0,No
308,Keith Traylor,0,4.0,2.0,9.0,7.0,27.0,16.0,Yes
309,Keith Washington,1,2.38,1.0,1.0,2.0,25.0,10.0,Yes
310,Kelly Gregg,0,2.18,1.0,8.0,9.0,25.0,12.0,Yes
311,Kelvin Pritchett,0,5.47,6.0,3.0,6.0,23.0,14.0,Yes
312,Kenard Lang,1,5.04,7.0,5.0,2.0,23.0,10.0,Yes
313,Kendall Langford,1,3.73,5.0,8.0,6.0,23.0,10.0,Yes
314,Kendall Reyes,0,8.92,7.0,6.0,7.0,24.0,5.0,No
315,Kendrick Clancy,0,1.38,4.0,1.0,1.0,23.0,10.0,Yes
316,Kenny Davidson,1,5.99,1.0,8.0,7.0,24.0,7.0,No
317,Kenny Holmes,1,5.73,5.0,4.0,9.0,25.0,7.0,No
318,Kenny Mixon,1,3.32,2.0,8.0,7.0,24.0,7.0,No
319,Kenny Smith,0,4.09,2.0,5.0,0.0,25.0,7.0,No
320,Kenrick Ellis,0,5.64,3.0,3.0,2.0,25.0,5.0,No
321,Kentwan Balmer,0,5.27,1.0,5.0,0.0,23.0,5.0,No
322,Kenyon Coleman,1,4.92,2.0,1.0,3.0,24.0,12.0,Yes
323,Kerry Wynn,1,6.0,4.0,1.0,2.0,24.0,6.0,No
324,Kevin Henry,1,1.3,4.0,3.0,6.0,26.0,8.0,Yes
325,Kevin Vickerson,0,7.81,1.0,2.0,4.0,25.0,10.0,Yes
326,Kevin Williams,1,4.02,12.0,6.0,18.0,24.0,13.0,Yes
327,Kindal Moorehead,1,3.72,6.0,3.0,1.0,26.0,6.0,No
328,Kony Ealy,1,4.62,5.0,4.0,3.0,24.0,5.0,No
329,Kris Jenkins,0,8.37,18.0,17.0,2.0,23.0,10.0,Yes
330,Kyle Moore,1,5.57,4.0,0.0,3.0,24.0,4.0,No
331,Kyle Vanden Bosch,1,8.93,6.0,2.0,9.0,24.0,12.0,Yes
332,Lamar King,1,5.96,5.0,4.0,4.0,25.0,6.0,No
333,Lamarr Houston,0,7.57,6.0,7.0,7.0,24.0,8.0,Yes
334,Lance Johnstone,1,5.99,3.0,9.0,8.0,24.0,11.0,Yes
335,Langston Moore,0,6.76,1.0,0.0,1.0,24.0,4.0,No
336,Larry Smith,0,5.71,4.0,1.0,2.0,26.0,6.0,No
337,Larry Tripplett,0,6.8,6.0,2.0,4.0,24.0,6.0,No
338,Lavar Edwards,1,6.45,0.0,0.0,0.0,24.0,5.0,No
339,Lawrence Guy,0,7.99,1.0,1.0,4.0,23.0,14.0,Yes
340,Lawrence Jackson,1,6.51,5.0,2.0,2.0,24.0,5.0,No
341,Lawrence Pete,0,1.12,1.0,2.0,2.0,24.0,5.0,No
342,Lawrence Sidbury,1,6.89,0.0,2.0,1.0,24.0,6.0,No
343,Leon Seals,1,0.52,4.0,2.0,8.0,24.0,6.0,No
344,Leonard Little,1,3.05,1.0,1.0,3.0,25.0,12.0,Yes
345,Leonard Williams,0,7.48,10.0,7.0,8.0,22.0,10.0,Yes
346,Leonardo Carson,1,1.25,6.0,4.0,2.0,24.0,5.0,No
347,Leterrius Walton,0,4.23,2.0,2.0,0.0,24.0,4.0,No
348,Letroy Guion,0,4.04,0.0,2.0,2.0,22.0,9.0,Yes
349,Linval Joseph,0,7.99,6.0,7.0,8.0,23.0,15.0,Yes
350,Lionel Barnes,1,5.11,0.0,0.0,1.0,24.0,4.0,No
351,Lionel Dotson,0,2.03,0.0,0.0,0.0,24.0,4.0,No
352,Luis Castillo,0,8.32,5.0,5.0,7.0,23.0,7.0,No
353,Maa Tanuvasa,0,6.72,2.0,4.0,9.0,26.0,8.0,Yes
354,Malcom Brown,0,6.47,8.0,7.0,7.0,22.0,7.0,No
355,Malik Jackson,1,5.93,4.0,3.0,9.0,23.0,10.0,Yes
356,Malliciah Goodman,1,5.21,4.0,0.0,0.0,24.0,5.0,No
357,Marc Boutte,1,1.17,6.0,1.0,7.0,24.0,8.0,Yes
358,Marcell Dareus,0,6.18,6.0,10.0,18.0,22.0,9.0,Yes
359,Marcellus Wiley,1,7.05,3.0,3.0,8.0,24.0,10.0,Yes
360,Marco Coleman,1,1.26,6.0,8.0,7.0,24.0,14.0,Yes
361,Marcus Bell,0,2.24,3.0,4.0,2.0,23.0,6.0,No
362,Marcus Jones,0,6.63,1.0,1.0,4.0,24.0,7.0,No
363,Marcus Spears,1,1.96,6.0,6.0,7.0,23.0,9.0,Yes
364,Marcus Stroud,0,6.0,8.0,12.0,13.0,24.0,10.0,Yes
365,Marcus Thomas,0,5.2,4.0,1.0,2.0,23.0,5.0,No
366,Margus Hunt,1,8.86,1.0,1.0,1.0,27.0,9.0,Yes
367,Mario Edwards,1,5.46,0.0,6.0,1.0,22.0,10.0,Yes
368,Mario Fatafehi,0,3.1,0.0,5.0,7.0,23.0,4.0,No
369,Mario Williams,1,5.3,11.0,10.0,11.0,22.0,11.0,Yes
370,Mark Anderson,1,7.22,7.0,2.0,2.0,24.0,7.0,No
371,Mark Gunn,1,2.76,6.0,1.0,0.0,24.0,6.0,No
372,Mark Smith,1,2.92,7.0,0.0,2.0,24.0,6.0,No
373,Mark Thomas,1,2.78,1.0,1.0,2.0,25.0,0.0,No
374,Mark Wheeler,0,3.83,4.0,4.0,5.0,23.0,8.0,Yes
375,Markus Kuhn,0,8.81,0.0,2.0,3.0,27.0,4.0,No
376,Martin Chase,0,3.48,1.0,2.0,2.0,26.0,8.0,Yes
377,Mathias Kiwanuka,1,6.51,9.0,3.0,1.0,25.0,9.0,Yes
378,Matt Brock,0,3.59,8.0,8.0,8.0,24.0,8.0,Yes
379,Matt Roth,1,6.91,3.0,4.0,5.0,24.0,7.0,No
380,Matt Shaughnessy,1,3.97,5.0,1.0,6.0,24.0,6.0,No
381,Matt Toeaina,0,4.72,0.0,0.0,6.0,24.0,5.0,No
382,Mel Agee,0,3.48,0.0,3.0,3.0,24.0,4.0,No
383,Michael Bennett,1,4.34,2.0,4.0,8.0,25.0,11.0,Yes
384,Michael Brockers,0,4.22,7.0,8.0,8.0,23.0,11.0,Yes
385,Michael Johnson,1,8.99,6.0,4.0,9.0,23.0,10.0,Yes
386,Michael Myers,1,0.93,1.0,3.0,8.0,23.0,10.0,Yes
387,Michael Sinclair,0,5.69,1.0,2.0,8.0,25.0,12.0,Yes
388,Michael Strahan,1,4.42,7.0,8.0,10.0,23.0,15.0,Yes
389,Mike Chalenski,1,3.55,1.0,3.0,1.0,25.0,6.0,No
390,Mike Daniels,0,4.49,2.0,7.0,9.0,24.0,10.0,Yes
391,Mike Fox,1,2.95,3.0,2.0,9.0,24.0,9.0,Yes
392,Mike Jones,1,2.36,5.0,3.0,9.0,23.0,9.0,Yes
393,Mike Lodish,0,3.17,4.0,2.0,2.0,24.0,11.0,Yes
394,Mike Mamula,1,8.24,9.0,7.0,7.0,23.0,6.0,No
395,Mike Martin,0,8.43,2.0,2.0,0.0,23.0,4.0,No
396,Mike Montgomery,1,4.99,1.0,1.0,4.0,23.0,6.0,No
397,Mike Patterson,0,3.94,8.0,9.0,9.0,23.0,10.0,Yes
398,Mike Pennel,0,4.47,4.0,1.0,3.0,24.0,10.0,Yes
399,Mike Piel,0,4.13,5.0,1.0,3.0,25.0,4.0,No
400,Mike Rucker,1,5.06,2.0,8.0,10.0,25.0,9.0,Yes
401,Mike Thompson,0,4.75,1.0,1.0,1.0,27.0,5.0,No
402,Mike Wells,0,5.07,1.0,2.0,8.0,24.0,8.0,Yes
403,Monsanto Pope,0,4.75,3.0,7.0,0.0,25.0,4.0,No
404,Montae Reagor,1,4.51,1.0,1.0,2.0,23.0,9.0,Yes
405,Montavious Stanley,0,5.2,4.0,0.0,1.0,26.0,3.0,No
406,Montori Hughes,0,4.22,2.0,0.0,0.0,24.0,4.0,No
407,Muhammad Wilkerson,0,6.88,9.0,13.0,6.0,23.0,8.0,Yes
408,Myles Garrett,1,9.37,14.0,17.0,20.0,23.0,8.0,Yes
409,Natu Tuatagaloa,1,3.07,4.0,2.0,2.0,24.0,6.0,No
410,Ndamukong Suh,0,8.51,6.0,12.0,16.0,24.0,13.0,Yes
411,Neil Smith,1,5.11,8.0,8.0,12.0,23.0,13.0,Yes
412,Nick Eason,0,5.46,1.0,2.0,2.0,25.0,10.0,Yes
413,Nick Fairley,0,6.31,4.0,8.0,4.0,24.0,7.0,No
414,Nick Hayden,0,4.85,2.0,5.0,0.0,23.0,8.0,Yes
415,Nolan Harrison,0,5.64,7.0,7.0,8.0,23.0,10.0,Yes
416,Norman Hand,0,5.22,2.0,9.0,7.0,25.0,10.0,Yes
417,Oliver Barnett,0,5.98,2.0,2.0,4.0,25.0,6.0,No
418,Oliver Gibson,0,1.92,2.0,1.0,2.0,24.0,9.0,Yes
419,Olivier Vernon,1,5.68,8.0,6.0,7.0,23.0,9.0,Yes
420,Orpheus Roye,1,3.14,1.0,6.0,9.0,24.0,13.0,Yes
421,Pat Sims,0,3.31,5.0,4.0,2.0,24.0,10.0,Yes
422,Pat Williams,0,3.86,1.0,3.0,3.0,26.0,14.0,Yes
423,Patrick Kerney,1,6.08,6.0,7.0,9.0,24.0,11.0,Yes
424,Paul Frase,1,2.6,5.0,2.0,6.0,24.0,10.0,Yes
425,Paul Grasmanis,0,2.79,2.0,1.0,0.0,23.0,10.0,Yes
426,Paul Kruger,1,5.59,1.0,2.0,5.0,24.0,8.0,Yes
427,Paul Soliai,0,7.25,1.0,3.0,7.0,25.0,10.0,Yes
428,Peppi Zellner,1,5.2,1.0,7.0,3.0,25.0,6.0,No
429,Pernell McPhee,1,2.33,4.0,2.0,2.0,24.0,11.0,Yes
430,Phil Hansen,1,5.07,8.0,5.0,7.0,24.0,11.0,Yes
431,Phil Taylor,0,6.78,4.0,6.0,2.0,24.0,4.0,No
432,Phillip Daniels,1,5.9,5.0,8.0,9.0,24.0,15.0,Yes
433,Phillip Merling,1,2.63,2.0,0.0,1.0,24.0,4.0,No
434,Pierce Holt,1,4.71,7.0,9.0,6.0,27.0,8.0,Yes
435,Quentin Moses,1,4.01,1.0,1.0,2.0,25.0,4.0,No
436,Raheem Brock,1,6.49,7.0,6.0,8.0,25.0,10.0,Yes
437,Rakeem Nunez Roches,0,6.46,3.0,5.0,0.0,23.0,10.0,Yes
438,Randy Starks,0,6.93,6.0,4.0,3.0,22.0,12.0,Yes
439,Ray Agnew,0,4.12,5.0,6.0,2.0,24.0,2.0,No
440,Ray Edwards,1,7.67,6.0,8.0,8.0,22.0,7.0,No
441,Raylee Johnson,1,2.95,1.0,2.0,1.0,24.0,12.0,Yes
442,Red Bryant,0,5.56,1.0,3.0,8.0,25.0,8.0,Yes
443,Regan Upshaw,1,4.31,8.0,8.0,1.0,22.0,9.0,Yes
444,Reggie Hayward,1,5.67,1.0,4.0,8.0,23.0,9.0,Yes
445,Reggie Rogers,1,4.04,1.0,0.0,0.0,24.0,3.0,No
446,Reggie White,1,1.62,15.0,19.0,18.0,26.0,0.0,No
447,Renaldo Turnbull,1,4.23,2.0,7.0,4.0,25.0,8.0,Yes
448,Renaldo Wynn,1,7.06,7.0,5.0,7.0,24.0,13.0,Yes
449,Reuben Davis,0,1.12,7.0,6.0,5.0,24.0,11.0,Yes
450,Rhett Hall,1,1.39,0.0,0.0,2.0,24.0,8.0,Yes
451,Ricky Jean Francois,0,3.51,1.0,2.0,3.0,24.0,10.0,Yes
452,Riddick Parker,0,3.85,1.0,3.0,5.0,26.0,7.0,No
453,Rob Burnett,0,4.4,4.0,9.0,9.0,24.0,14.0,Yes
454,Rob Meier,1,5.41,2.0,4.0,2.0,24.0,10.0,Yes
455,Rob Ninkovich,1,5.51,0.0,0.0,9.0,23.0,11.0,Yes
456,Robert Ayers,1,3.56,6.0,2.0,3.0,26.0,9.0,Yes
457,Robert Geathers,1,4.41,6.0,3.0,7.0,22.0,11.0,Yes
458,Robert Goff,1,2.64,5.0,6.0,2.0,24.0,9.0,Yes
459,Robert Harris,1,4.37,1.0,1.0,7.0,24.0,8.0,Yes
460,Robert Porcher,1,2.28,3.0,6.0,8.0,24.0,13.0,Yes
461,Robert Quinn,1,7.02,7.0,16.0,12.0,22.0,12.0,Yes
462,Robert Thomas,0,4.11,1.0,1.0,0.0,25.0,3.0,No
463,Robert Young,1,3.85,1.0,2.0,7.0,23.0,6.0,No
464,Rocky Bernard,0,8.39,1.0,2.0,6.0,24.0,11.0,Yes
465,Rod Saddler,1,2.8,6.0,7.0,6.0,23.0,5.0,No
466,Ron Brace,0,4.72,3.0,0.0,1.0,24.0,4.0,No
467,Ron Edwards,0,6.42,7.0,1.0,2.0,23.0,12.0,Yes
468,Ronald Fields,0,4.34,3.0,2.0,1.0,25.0,7.0,No
469,Ronnie Dixon,0,3.92,5.0,3.0,2.0,24.0,5.0,No
470,Ross Kolodziej,1,7.01,0.0,3.0,7.0,24.0,7.0,No
471,Roy Barker,0,1.7,7.0,8.0,6.0,24.0,9.0,Yes
472,Roy Miller,0,6.72,7.0,2.0,6.0,23.0,9.0,Yes
473,Russell Davis,0,6.09,3.0,7.0,6.0,25.0,9.0,Yes
474,Russell Maryland,0,4.52,8.0,11.0,8.0,23.0,10.0,Yes
475,Ryan Boschetti,0,7.19,2.0,0.0,0.0,24.0,5.0,No
476,Ryan Denney,1,8.61,7.0,3.0,2.0,26.0,9.0,Yes
477,Ryan McBean,0,6.02,6.0,2.0,3.0,25.0,5.0,No
478,Ryan Sims,0,6.46,7.0,4.0,2.0,23.0,9.0,Yes
479,Ryon Bingham,0,7.55,1.0,3.0,2.0,25.0,5.0,No
480,Sam Adams,0,4.72,3.0,6.0,7.0,22.0,14.0,Yes
481,Santana Dotson,1,1.83,5.0,4.0,5.0,24.0,11.0,Yes
482,Scott Davis,1,3.72,7.0,8.0,7.0,24.0,5.0,No
483,Scott Solomon,1,6.81,0.0,1.0,0.0,25.0,4.0,No
484,Sean Gilbert,0,5.47,8.0,6.0,7.0,23.0,11.0,Yes
485,Sedrick Ellis,0,2.8,5.0,7.0,6.0,24.0,5.0,No
486,Sen'Derrick Marks,0,6.22,2.0,5.0,5.0,23.0,8.0,Yes
487,Seth Payne,0,6.46,1.0,8.0,15.0,23.0,10.0,Yes
488,Shamar Stephen,0,5.69,1.0,8.0,2.0,24.0,8.0,Yes
489,Shane Bonham,0,4.95,1.0,2.0,1.0,25.0,6.0,No
490,Shane Burton,0,3.43,3.0,2.0,2.0,23.0,8.0,Yes
491,Shane Dronett,0,3.32,8.0,6.0,2.0,22.0,11.0,Yes
492,Sharrif Floyd,0,5.07,6.0,6.0,0.0,22.0,5.0,No
493,Shaun Cody,0,7.72,2.0,1.0,2.0,23.0,8.0,Yes
494,Shawn King,1,4.69,3.0,2.0,4.0,24.0,6.0,No
495,Shawn Patterson,1,5.56,2.0,2.0,1.0,25.0,6.0,No
496,Sheldon Richardson,0,6.77,11.0,8.0,9.0,24.0,9.0,Yes
497,Simeon Rice,1,6.27,6.0,8.0,11.0,23.0,12.0,Yes
498,Simon Fraser,1,4.67,4.0,2.0,0.0,23.0,4.0,No
499,Sione Fua,0,3.37,1.0,0.0,1.0,24.0,4.0,No
500,Sione Pouha,0,8.88,2.0,2.0,10.0,28.0,7.0,No
501,Spencer Johnson,0,3.13,2.0,1.0,2.0,24.0,9.0,Yes
502,Stacey Dillard,0,3.65,9.0,2.0,3.0,25.0,4.0,No
503,Stalin Colinet,1,7.18,2.0,3.0,5.0,24.0,6.0,No
504,Star Lotulelei,0,5.24,6.0,6.0,7.0,25.0,8.0,Yes
505,Stephen Paea,0,5.61,7.0,3.0,5.0,24.0,7.0,No
506,Stephon Tuitt,0,7.61,8.0,7.0,6.0,22.0,8.0,Yes
507,Sylvester Williams,0,4.71,6.0,7.0,7.0,26.0,8.0,Yes
508,Talance Sawyer,1,4.15,6.0,7.0,0.0,24.0,5.0,No
509,Tank Johnson,0,8.26,4.0,6.0,1.0,24.0,7.0,No
510,Ted Washington,0,4.0,4.0,5.0,6.0,24.0,17.0,Yes
511,Terrance Knighton,0,4.46,5.0,6.0,3.0,24.0,7.0,No
512,Terrell McClain,0,5.33,0.0,2.0,1.0,24.0,9.0,Yes
513,Terrence Cody,0,2.48,8.0,3.0,2.0,23.0,5.0,No
514,Tim Bulman,0,8.51,0.0,2.0,2.0,25.0,5.0,No
515,Tim Crowder,1,7.27,0.0,3.0,5.0,23.0,5.0,No
516,Tim Goad,0,4.33,7.0,5.0,7.0,23.0,9.0,Yes
517,Tim Jamison,1,1.17,1.0,2.0,1.0,24.0,6.0,No
518,Tim Johnson,0,1.73,5.0,6.0,3.0,23.0,5.0,No
519,Tim Roberts,1,2.19,0.0,2.0,6.0,24.0,4.0,No
520,Tim Ryan,1,1.73,3.0,2.0,1.0,24.0,3.0,No
521,Timmy Jernigan,0,3.94,4.0,8.0,7.0,23.0,7.0,No
522,Tom Sims,0,2.64,2.0,1.0,2.0,25.0,6.0,No
523,Tommie Harris,0,6.87,16.0,10.0,10.0,22.0,8.0,Yes
524,Tommy Jeter,1,4.99,0.0,1.0,0.0,24.0,5.0,No
525,Tommy Kelly,1,5.51,6.0,7.0,3.0,25.0,11.0,Yes
526,Tony Bennett,1,4.01,9.0,6.0,2.0,28.0,8.0,Yes
527,Tony Bryant,1,4.11,8.0,7.0,4.0,24.0,7.0,No
528,Tony Siragusa,0,3.88,3.0,6.0,5.0,24.0,12.0,Yes
529,Tony Williams,0,4.79,5.0,6.0,4.0,23.0,9.0,Yes
530,Tory Epps,0,1.32,2.0,2.0,0.0,24.0,6.0,No
531,Trace Armstrong,1,3.58,9.0,5.0,6.0,25.0,15.0,Yes
532,Travis Hall,1,3.73,5.0,8.0,8.0,24.0,11.0,Yes
533,Trevor Johnson,1,7.49,1.0,0.0,1.0,24.0,4.0,No
534,Trevor Laws,0,6.07,1.0,2.0,2.0,24.0,5.0,No
535,Trevor Pryce,0,4.44,8.0,15.0,11.0,23.0,14.0,Yes
536,Trey Flowers,1,5.52,7.0,9.0,9.0,23.0,8.0,Yes
537,Troy Wilson,1,5.6,1.0,0.0,1.0,24.0,6.0,No
538,Turk McBride,0,6.37,4.0,2.0,4.0,23.0,6.0,No
539,Ty Parten,0,5.98,2.0,0.0,0.0,25.0,6.0,No
540,Ty Warren,0,6.38,8.0,7.0,11.0,23.0,10.0,Yes
541,Tyeler Davison,0,7.14,5.0,7.0,4.0,24.0,8.0,Yes
542,Tyler Brayton,1,8.71,5.0,2.0,6.0,25.0,9.0,Yes
543,Tyoka Jackson,0,2.8,2.0,1.0,6.0,25.0,12.0,Yes
544,Tyrone Crawford,1,7.27,6.0,7.0,7.0,25.0,9.0,Yes
545,Tyson Alualu,1,5.5,8.0,7.0,6.0,24.0,14.0,Yes
546,Tyson Jackson,1,3.66,3.0,6.0,6.0,24.0,8.0,Yes
547,Van Tuinei,1,3.97,1.0,5.0,2.0,27.0,4.0,No
548,Vance Walker,0,4.3,2.0,2.0,5.0,23.0,8.0,Yes
549,Victor Adeyanju,1,5.65,4.0,4.0,1.0,24.0,5.0,No
550,Vince Wilfork,0,5.15,7.0,9.0,13.0,24.0,13.0,Yes
551,Vinny Curry,1,4.66,2.0,2.0,1.0,25.0,11.0,Yes
552,Wallace Gilberry,1,2.64,2.0,4.0,2.0,25.0,9.0,Yes
553,Warren Powers,0,4.08,6.0,7.0,0.0,25.0,5.0,No
554,Wayne Martin,1,2.79,6.0,10.0,10.0,25.0,11.0,Yes
555,Will Clarke,1,6.02,1.0,2.0,2.0,24.0,5.0,No
556,William Gaines,1,1.44,5.0,4.0,3.0,24.0,4.0,No
557,William Gholston,1,4.34,4.0,5.0,7.0,23.0,12.0,Yes
558,William Joseph,0,7.47,3.0,5.0,2.0,25.0,7.0,No
559,Willie Young,1,5.48,1.0,1.0,8.0,26.0,8.0,Yes
560,Willis Peguese,1,4.22,1.0,1.0,2.0,25.0,4.0,No
561,Xavier Williams,0,4.6,1.0,2.0,3.0,24.0,7.0,No
562,Zach Kerr,0,5.19,2.0,3.0,1.0,25.0,8.0,Yes
563,Zach Moore,1,6.67,0.0,0.0,2.0,25.0,2.0,No
